9
684.0 208.0
604.0 242.0
565.0 158.0
646.0 126.0
1
753.0 636.0
830.0 608.0
856.0 680.0
781.0 708.0
0
1158.0 754.0
1180.0 821.0
1113.0 850.0
1089.0 782.0
8
1623.0 566.0
1638.0 631.0
1576.0 657.0
1560.0 591.0
20
68.0 231.0
18.0 122.0
66.0 137.0
111.0 237.0
22
66.0 117.0
19.0 16.0
63.0 35.0
105.0 132.0
2
868.0 944.0
857.0 906.0
939.0 872.0
957.0 908.0
23
120.0 238.0
76.0 139.0
115.0 151.0
156.0 243.0
4
1693.0 487.0
1635.0 511.0
1587.0 504.0
1641.0 482.0
5
1227.0 644.0
1257.0 659.0
1192.0 684.0
1165.0 667.0
